63083077083
53021237080
69070757082
79071252085
61102379080
54071457080
68053073086
78021098089
79021337082
78073009086
74100670086
72072107087
62122772088
51051700081
50052717084
76021475087
72112911087
71090603083
71042409085
63090930083
54042572083
50022252084
46063009080
79081114083
49051301088
75110651082
74110290087
71060792085
71010129086
70121887081
69010622085
68052605084
67113004083
67101024081
66120625082
66040773089
66021691087
65052711087
62101922089
62070651081
61092777088
61030307089
60071807087
59071953086
58122629087
58090672081
57110308083
57070128085
54082811081
54050213083
53050866083
53030180083
53021701086
51110715081
51100395084
50050509085
48030126087
48022853087
45012832088
79030286084
78091037088
82051547089
70052862082
62121294086
83062696085
45011279088
62020220089
70010362082
50040159082
70050704081
76082258086
71041592086
69101981088
45061791083
68012573089
57121683088
66060232080
73011424089
67012487081
73040236089
77042648089
71101273080
56052087081
74081466085
81052487089
79050483082
75031304082
72011196081
68021758087
56012099083
55060112088
64041856081
59112065085
77030329087
74051366087
78092672080
80092309089
67111475084
75110495080
80030441085
