9104106212088
7311075190086
2911140166089
4108020138084
9512155129088
8812280595083
6410106442085
6309270993081
1604160078083
4703265021084
8412175794089
9712095987088
3610225113086
7811111379080
4111285101086
7306050378086
7602281527081
7306060600081
7005285570182
9309110488083
5104225081087
8706260864081
6012140901082
9909221610085
7401285201086
6701110468086
8212276047084
5003215171082
8009136121087
9702071046082
5708040855085
3409185007184
5701295736084
9108156452080
9401030540083
6912040773087
8911085671089
6204061045086
9103105979085
7502015492083
8512016214088
5701080681081
8702256280267
3208195131087
4002095072080
4903155467088
8007055389081
4503120540082
8205110654081
9707136133080
9211170328086
9305220053080
7205210737084
2507195174083
9512076052088
8805035534084
6303060281088
0003070364082
0108020010089
8612261023083
4004290360088
7703080699087
8402220922082
5210110506086
8408300216089
9111220678086
7706046147083
3904240316083
6611290427085
8012036148085
6812225561085
9207275763086
7310245129081
8610220994089
5903210395083
9905080779086
8210101999081
8306071366085
8201135386080
4803290566085
9408290603089
9012146281080
9008280908082
7404090839082
3009150081089
4606085366086
6601100627081
7209035246081
8701095001082
8903115055086
6504051164080
0009246406087
1902120211087
7503190489084
6607240302089
8503101264088
5503150201083
9810220396082
3502160109080
7904085765085
4208030403088
7504145787085
9710050171086
9312286041082
7310105269084
7011055500086
2005050135083
9405170122081
3403315059082
8709060631080
6106285141189
4709245055084
8304046860084
5010106297082
4010120565085
7601115867085
3512090090086
5907145699089
8707221165089
6706076019088
6506185528080
9112050023088
9211080097086
8602180075082
5707170528082
9901255113086
3605065314083
6101100147081
5309255824088
8011165375089
4512255202087
8411025790081
1807210241086
8112280254082
8412125142082
8211160284084
7210250928080
2701011315083
2203040244087
9601246264085
7707300590083
4109040137080
8807125598086
6308245238085
0004230593081
0805210012185
7307010750083
8405255360086
5305035240082
7403060256087
7711050363089
4002150340083
6812185404086
9410225487083
8712081212088
6906020623080
9307095373080
5703135836082
8701055479088
5910105515089
9905285758083
7605065976085
8005010267087
8205020561087
4811095144081
9502035836085
7205150195087
7409115812089
3201040453087
5002275373083
9604070554084
7712230019088
6710185486089
8905250074087
6510045633080
0011115063080
5307070253087
9101315219086
5904130089087
5910045250086
8506020065080
5510100111080
9808310582082
7909020589086
4305040245085
7703230849087
9702030734083
8204140364084
7208110130087
7104215691083
2110200210081
9602016099081
4404245053087
8711155709086
6201280397082
9912050059085
6203030886083
8307125328089
5105300170083
9112126694268
9109025076084
7002055232085
9108225884081
7606067687084
3612135002086
6112230683085
9610100902086
7102155494088
6712310589084
6907255532087
9204215996082
7303285285087
8605045142088
5801280843083
3505165010088
3611155162085
8103236088088
4609080202082
1505040005081
5601275072080
9612080626081
7303270733083
2804160047083
3210145151082
9608130083083
5301235154082
8809195285081
6402155449087
0005245494082
1008235020080
8509065680086
8408230833086
5312015443082
9712240117086
6201190288082
7804110151089
4010100154082
7011060889086
9709245728081
8404160235087
6911155810080
9312265393082
6805035175088
8703215447088
6004050118088
9909150501081
5608170101088
8904255376084
7510105281084
8208150057082
4906135397085
7406305561088
6408140731083
9101100036083
7502095090088
3302250121081
5304240840083
9011241175080
6612055098087
8908065891083
6603280916086
0101026446084
5708245176089
9002165716082
7507055984089
8508185757089
5604240956080
9806020992088
5004275060082
8001081105082
4402255413084
7905160949080
9703185504081
8301250577081
7110305453086
2307295005083
9411160019089
4601300084085
5506245037081
8801280676084
6207120529081
0001090817089
7209070542089
6609190582082
8310130715084
5201295069081
9708200975083
6505215825086
7611135237086
3801210256085
6401170705085
9101301140080
7003150612080
6805265709085
9212205856083
5407290185083
8607175731086
5807185335083
8108035805087
4705165173089
9102176118086
9206220770089
2901013423089
9005260829080
7309111124085
2906180204089
3910270238089
9606035837082
6905045295080
8812045027083
6408080635088
0007130651081
3612280202085
1407260106089
8612150202087
8411165530081
5406135072084
9712155856082
8308275071081
7809185323083
4107310147086
7210220409088
9710255520087
8402235291085
7004046463084
9312035993088
9203065146087
6802045154088
8706035444086
6010102080085
9909121255080
3509075138088
7604115389084
8211245383083
5001155998183
9602180487088
8403085854089
9103185597088
7506290656080
3404255154081
5603095795080
9205011321086
8609170599088
6502285109087
8910125602088
6609280704083
6102045358080
9106256158086
7605160457080
7706105407089
7108030236081
8511025656081
5611070472088
9810066302087
8005250787083
4412140259089
8107240605084
8105151267183
7801180398087
7204016243082
2502025145080
9501040065086
8412110220083
4708100056088
8804085524087
6301075945085
0002235177082
0704275044086
7809290055083
5901105221083
5705065957085
8401195744083
5208045280082
7604265211088
9109015872088
7704120528088
3901075270088
6603055281088
9004016284088
6810290307087
9307230654089
7205025085083
8609275296085
5901125382089
6102050864089
8604090248080
8112100198089
4801135354089
9306200056085
7704280478082
7402225538082
3006015505088
4411250459083
9602100322084
7607035873087
9311090134083
8902155250086
6502050087088
0009010765080
4601310485082
1803250015084
6701185058085
6106185071080
8502110486088
5501040971089
9812015288086
6611250705082
7902225129089
4205120099081
7409016061083
9010010331080
9506160933088
7009105660082
2001011905086
9411075073080
8708135335081
6104210105080
5009190199089
6808101044089
8303040984080
5008015082082
8604095291085
6801100683080
7512021075087
5809180881087
6908265808087
8912276188081
6704040051089
9101280452084
7504285598086
8601220890088
5705170493083
9812246193089
6706175351085
7308130617087
8009300894188
4509160555088
8312210794088
9512056607083
8602040140084
7209035417088
2606290139080
9504075389082
6707140433081
7412060232089
8806190238081
6306225229082
0003315993083
0301185017086
5209185754084
8702220979085
5804075533083
8404240211082
6004180788081
9112265638084
7709130322083
3912115136080
6804280442087
0410220033089
8212215498083
6904041319085
9306045783083
6408200550084
8612140551080
5908015898082
9904210225086
7701150727085
8203256168081
4808235072081
9501265679082
5309025234089
9010080690084
3107015333081
4901020840083
6705101153086
7310180322089
8904295831080
6507305082081
6311275123086
5112280530088
1909140096083
8310140070082
8505052387081
5507275831088
5112200236089
7907125623081
4301270059080
7607155513083
9702285970085
7704230227084
7102210876188
2103135148088
9503126112089
5806075324082
8710200070080
6112010314083
7507210253081
8306101090085
5103055159187
9708275492089
6704165821084
9107315099089
7604155447180
3607265196088
6102040629089
9410011292085
6807115275085
6710240363083
6803160565082
9111085735088
6910215175088
8604075091083
5712015743086
9503290065089
2607100035088
8102086022080
4606110086089
1408180068086
9309151072085
7302050674087
2712050013083
2912050008089
9512175743082
6006245626081
8808295534083
6312250920082
0901280017087
8407230736083
5309195183082
9802050722081
7802195365087
4007125425083
7003270563080
8605136082086
6707040359089
6909210212086
9309035631080
6108265567086
8702265835085
6002065734089
9906300486080
8706016382081
6411065266085
8207085486085
4904020629084
8103046415083
8603125601081
8005180689086
7412275252088
3210100390089
5205155313083
3007285209088
7706050033088
7210025271089
5304075076183
8907120663081
6601275007085
0012145376088
9005310468087
7107270190081
5910010703085
8507225840087
5602205862087
9805220824083
8201255960086
7912010536083
4311230111087
7808240560085
9711280982086
7907270606089
5305195002082
7108281302087
2212295047087
9412256162080
3912080067088
8801036043084
6205175027084
0001013269087
7904025491081
8309150410089
5111200294080
9710315748082
7609215920084
3709090373088
6305100504080
8908155389089
5103090287084
6804040819087
7206010484083
9212055704086
6208240829088
8606221037084
5805250425185
8106185649081
4702265572088
9012265633087
8902091232081
7510185544088
7307135267088
2902060056087
3710100832089
9604270705080
8204200571081
8811080076088
6406085775081
0006250191084
3210210064087
1405200167088
8008050203087
8410140799084
5404095407085
9805205369088
7011145745089
7807290761080
4104100190087
7203216015084
1712245085088
6505195112083
7002156222084
9311010744086
6210190259084
8705090800083
6008045426084
9907036111083
7901145742088
8210165674083
4911135286080
9601070068081
9505140292086
6210035635084
7505155241087
3312250332083
5503295502080
6306240858089
5103220081084
8909205571080
6607235195084
6001280401086
9112216087084
7308195544085
8009255100086
7809070656084
8510045563087
5608305692084
9806196070081
6208085556085
8004061017087
4409020236088
8010160577087
9306251406189
7110265626085
7202135969082
2408105158086
9506121009085
8005030060082
4607020058085
5305300184080
8803155128084
6211160623085
0001285177083
8212205072088
3904025346081
8312215674087
5206035428083
7604150804088
7702250491085
3809140208084
6506115981086
8609051542082
6406160633080
7504150189086
6809065723080
7707210397082
9406060416088
6409235137087
8609070028089
5811180203080
5910045356081
6603230970084
8110245374086
4710275483089
9302160040086
9403280375087
5801015504083
7401018403082
3002205287082
4303180166088
9606046158080
6412130799084
0008110774083
4306060070080
1803040415081
3106165067085
6804245078083
5410295231084
9801025649080
7901020416089
4202195439086
7401245408086
2602135181080
9306266281080
8204025163080
7007141061083
9401295820089
7605275400082
8707200980086
6102110785084
9910065853088
5906060700088
5005285210088
3101145096080
8809100099080
7510091156084
3502085170084
5712115896081
6610201041084
6401160741082
8912045525084
6701290381083
9112266204084
4902035123085
8512271057081
5703135639080
9901125554089
6301025030087
5808140127086
8008220426089
4506110427087
8302231141088
9711020823087
9004110296087
7207080729084
2601135122086
6712130774080
9512121079086
5802050141088
8805280166087
6305015286088
0003240803084
0405150025089
4111045404085
8403240105088
5212205180082
9112150417081
7707225586083
3908125350083
6708205391081
9610265009081
6902080459085
9302240419086
8611185370083
5905290423081
6809276018189
8002076175080
7004080940088
8202195538081
4806105472084
9506271136084
7406020780088
3101035028185
4710140188087
2402045133085
6911035093089
8904046465089
6506040498081
0010080260085
5003015622086
9001036280088
8405305676085
5510025159081
8504070458081
5505225568081
9803126306081
7905300685081
4211015318081
7511285671086
9707120511085
5907206100142
7007055025082
7012280969260
2010060047088
9504090380082
8709260279086
6109140534085
4304040078083
6809045500087
8305080969087
9507276359085
9505275586088
7603030545085
3603310143084
6004250338080
9510175421089
9204070792089
7012290619087
6708140383086
6609265314080
9203291130087
7812295047089
8603135677089
5709235539088
9901280752080
3009230085084
8703125242082
6105140387086
8012300218085
4603165567089
8510105577084
0812100081080
8811061068088
5505055590080
7212200880080
2706060157088
2607185071081
9608085725084
4003025340183
8808060830088
6310255016088
1307105058083
7303010413087
8406220419080
5307085603086
7712305118088
4005010134083
6908155095084
9410100545088
7412095794087
7408080034083
6907240418087
9306056245089
5007185094083
8702015408084
5912180195084
9904090980081
6903275398088
8206061852088
4901180543089
9412085424081
6403120452081
7411036008086
3205150400085
5103265025087
9606271195088
7207035171085
8906175619089
6512055719080
0012010939085
9009160983088
8506250745088
9808135709084
2802065011089
7910110441089
4308100059081
7711295751080
9707255296080
5904200668083
7106215486083
2205145056084
9512275964083
8502205471086
8712115870083
6203220293082
9911060628087
6102275733085
8308160609086
5108225012083
9708205256083
6011025392086
7607295191089
3704170148088
8504056721080
6811111269084
6802140270086
7012020515084
9205056403088
4302220328088
8605310754088
5803260180080
6701055481086
8105075895085
4612095520266
1208100034089
6308267257088
7305220255083
2809180078083
3506210217082
9602110467085
6611220239089
8810115500088
6404120853088
0006211251084
2709305012001
1408250016080
8310105780089
7705300015085
8001280251083
8409175843080
5402030363082
9804175844089
7606285459084
4806175675087
7806061618081
4101011260082
7107200710081
9709175098083
8006285784087
7001021458089
9408115901080
8704150087087
6006056184089
9908245182089
7311255990081
8209156178088
4908290299080
9608020584083
8412110010088
9107010905085
9102021036087
7503285710089
3307110258080
5404115455080
7301275367089
6007040781089
8908310078080
6605295029086
9012151021082
7701017856085
5912055065081
8509116343080
5606240329085
9810115886080
6110015676084
4705275038081
72112699085
8002235671086
4405300139083
8001295559082
9703155628084
6912270587082
7107155673086
7201013205080
2402215092087
9509015734081
6204185901081
6209150667088
8110270896086
4608090182086
8311185367086
5203315118088
2009190550230
6505275682088
9110091069086
7701035926084
3805170078082
6409290357083
7204042454083
6807120371085
7507050689089
9302126227082
8608130262084
5809180039082
5002090538084
8109136180081
4708040598082
9104106220081
7309235366083
9006175676087
7311075196083
2911140167087
4108020148083
9512125231089
8812280596081
6410106444081
8704157708081
4006150139080
1604210022081
5907255034085
6512055186082
8007305482082
8412175795086
5408200136083
9712205958086
7810010728082
7811111380088
4111285102084
7306050400088
8701017987269
7005285571081
9309085309082
5609305148085
8706260865088
6012140902080
9909196357084
6701090287084
8212276049080
8902216160084
9602011399080
6709265177089
9104100318089
7508220776087
3409185010089
5701295739088
6305051985080
6912036100253
9307010194082
8911085672087
6204061053080
9103070469088
4110065413083
8512016215085
5701080682089
7109206095186
3208185153083
7304115917089
4503120541080
8205110663082
9705131391083
6504015295087
9006011232087
6012205009086
7205210738082
2507200001081
9512076076087
8805035535081
6303060283084
0003070770080
0108020023082
8410276025080
8110115300088
8402220923080
5210110507084
9111220679084
7706046151085
3904240318089
6611290433083
8909076413081
6502060100087
6812225570086
9207310698081
6609210110088
8610220995086
5903210398087
9906120293088
7601020306088
8201135387088
4803290567083
9408260048083
9503170371086
6806205730082
7404090842086
3009150082087
4606085372084
1411115282087
5001220068087
8403175767084
8903115056084
6504051169089
0009241470088
1901180093088
6511180133084
8503101265085
5503150203089
9805250530089
4807090536081
7904085767081
4208030405083
7504145790089
9708050333086
9310106484086
7705105929084
7011055501084
2005050136081
9405155142088
5604145009084
8709060632088
6106285142187
5104265310081
7103280210084
8304046861082
5010106298080
3702085176087
9106160326084
7601115869081
3512090091084
5907145706082
8712066142086
6303290203084
6706076020086
6506185532082
9112020839084
9203026514084
8008105201086
8602180076080
5707170530088
9902055027088
5001025190086
8011165376087
4512255203085
8411025800088
1807205114082
9105111020085
8308095084082
8612300212085
7210250929088
2701011316081
2203040249086
9601280573086
5907020750080
5809251103080
8807125599084
6308245241188
0004220610085
0805210022085
4512210014080
8405255361084
5305035241189
9108230608087
8506040486084
7711050365084
4002150341081
6812185410083
9610305438084
6710070031081
9402161000087
7006046063087
6906020625085
9307096128087
6208190049083
8701055480086
5910105518083
9904040564084
5605061046083
6903050310084
4312100291082
8205020562085
4811095146086
9502021406083
7409115813087
3201040454085
5002275421080
9604100190081
4607115053082
8905250075084
6510045635085
0011110117089
5307070260082
9101255869080
8512265626081
5910040846086
8506020066088
5510100114084
9807300576088
7909020590084
4305040246083
7703230868087
9704110770086
6502200544087
7104215692081
2110200211089
9601290365085
7708245397089
8711155710084
6201280400084
9912050190088
8103275738080
8307125330085
5105300171081
6508151123086
8901017192080
7606067690088
3612135011087
6112230686088
9410265800088
7209150530087
4704100263089
6712310595081
6907255543084
9204216005081
7212265126080
6710101154084
8605045143086
5801280844081
3505155017085
6305010456082
8103236089185
4609080203189
1505160080088
9012095229080
7303270735088
2804160048081
3210145176089
9608085260082
7007190217081
8809195286089
6402155450085
0005185040085
1008310031085
7112205678085
8408230837087
5312015444080
9712130160089
7303036025089
7804110152087
4010100155089
7011060893088
9708215732081
9510145449087
7402080158083
6911155812086
9312265395087
8703215448086
9909240367089
8404090248085
8208150063080
4906135398083
8503301037086
1812155104083
7502095091086
3302250122089
5304240842089
5507205294266
8303095227088
6608240002083
8908065892081
6603280917084
0101020323081
9002165309086
5409235210083
8508185758087
5604240958086
9811200832088
4711275002085
8001081106080
4402255414082
7905160956085
9706045312082
5703010131088
8804095393085
7110305454084
2307295006081
9411215015082
4107040042086
4602285100086
8801280677082
6207120533083
0001111008080
7210056165085
4109170243088
8310130718088
5201295075088
9702095834083
7611135244082
3801210257083
6401170717080
8412126860260
5711165113082
6805265710182
7311210566083
9212150903088
8607175732084
5807185339085
8108035807083
4705165174087
9102176028087
8807070515085
7202275180086
7309111126080
2906180205086
3910270243089
9606010730088
6504260680082
8812045028081
6408080637084
0007300554081
3612280230086
1407300110083
7412251782082
7102095024086
7406205152087
8411165531089
9801055354080
8006275781085
7809185325088
4107310148084
7210220419087
9706200670084
9303035362085
6512015166083
7004046465089
9312025768086
8706035445083
6010102081083
9909036317082
7604115165088
8211245385088
5001155999082
9602135173080
3103010268083
7506290657088
3404255157084
5603095799082
8608301223089
8906260361084
9201140622080
8910125603086
6609280705080
9106250317084
8507040761088
7701075014080
8511025657089
5611070473086
9812071139082
4901160035080
8005250788081
4412140262083
8107240608088
7702245996180
8112010586084
7204016244080
2502025146088
9501040168088
8110260309082
6609025097082
8804085525084
6301075946083
0002230189082
0705125046080
8012265130085
5609130159083
8401195745080
5208045281080
7704120530084
3901075273082
6603055282086
9501191256088
3112305021081
6810290309083
9307230668089
8609275297083
5901125384085
8009120732188
7604175692088
8112100199087
4801135356084
9306266226085
9011010288080
6902286030086
7402225541086
3006015506086
4411250471088
9602130424082
8902155251084
6502050088086
0009060349082
4601310517082
1804040413084
8706265095087
6106170619083
8502110487086
5501040973085
9809080502086
5409180597088
7902225130087
4205120100251
7409016068088
9010235331089
9506300946081
7009105661080
2001011906084
9411090934084
6711200072086
8708135336089
8011180187089
5808295874086
8303040985087
5008015084088
7112110426083
6805280658085
9105255288084
7512021077083
3506270040085
5809180890088
8508146180082
6105245799086
8912276189089
6704040056088
6405255222080
9101271027085
7801305255089
8601220891086
5705170494081
9901161065081
2603110183083
7204015455083
8009300895086
4509160556086
8312210800083
9202027292088
8902061271085
8107060829087
7209035418086
2606290140088
9504076310087
8806190239089
6306225232086
0004025894082
0301170827085
7908235040083
6708090058084
8404240212080
5302240057088
6004180714087
7709130326084
3912115137088
6804280457085
1210310058080
8603050962086
6904041321081
9306020807089
8612140552088
5908015903080
9906050864080
4708265286082
8203256170087
9501226039087
9010080691082
7407185158086
3107015337082
4901020841081
3902185247081
5012045056082
8904295832088
6507305089086
7611160015084
1909140125080
4209265192081
8312185239085
8505052388089
5507275840089
6103031588086
6911045707082
7907125627082
4301270063082
7607155520088
9704295912081
8104300213081
7102210877087
2103135150084
9503140028089
7705265632080
8710200071088
6112010316088
7509130451084
6105285563087
8306101091083
5103055160185
9707030467089
4501260247088
7304230467085
9107315100085
7604155449087
3607265197086
6102040634089
9606301312083
6710240364081
6803160622081
9111045908080
6210205156085
8604075092081
5712015744084
9511070701088
2607095049086
6003085843082
8102086023088
4606110089083
1408115116182
9309261034082
4506250111087
7302050676082
2712050015088
2912050044084
9512175747083
5503125793081
8808295535080
6312250922088
0903160092081
6509160914085
8407230737081
5309195184080
9804035014089
6103215716081
7802195366085
4007125427089
7003270597088
8507036210082
7404095955081
5812041015085
6909210215089
9309045196082
3706285217088
8702265836083
6002065736084
9909045848085
7905075777089
8207085487083
4904020630082
8608106410089
8606167141080
4007125452087
7412275254084
3210100391087
5205155320088
3010105307082
7605185063087
7806056034088
5304075075086
8907120664089
6601275011087
0012145375080
9006035212081
5909156027085
8507225841085
5602205863085
9805295749082
7109130826086
7912010538089
7808240561083
9710216013081
8701110998080
5610015024087
7108281305080
2212295048085
9412256167089
4104015118082
8801036044082
6205175029080
9911031039083
5601110599081
8309150411087
5111200300085
9710260672089
4811055064089
7609215922080
3709090374086
6305100514089
3901235127087
5002285764081
6309105804081
6804040820085
7206010503080
9212125673089
8308115246083
5305180077081
8606221038082
5805250426084
8106185651087
4702265573185
9012280888088
9301190787088
9005021265087
7307135273086
2902060058083
3710100840082
9604260109087
8204180595084
4909190557080
8811080077086
6406085779083
0006160269087
1406025088087
5310060125083
8407295185085
8410140800080
5404095409081
9807075329085
7807290763086
4104100192083
7203216020084
1212165070087
7002156224080
9311025990088
7804210373088
8205050001087
8705090801081
6008045428080
9908236055088
8512290924089
8210165675080
4911135289084
9601070195082
9307181096082
9102246210087
7505155242085
3312250336084
5503295533085
5911190771082
6607235197080
6001280427081
9112216104087
8008085655087
7911240511080
8110025227082
8510045564085
5608305693082
9811085912088
7205070436082
8004061018085
4409020238084
8010160578085
5409015305186
6412120688081
7202135971088
2408105159084
9506126034088
7205240411080
8803155129082
6211160624083
0002100603089
8312215675084
5206035431087
9809011010084
7702250493081
3809140209082
6506115984080
8208246265087
6809065724088
9406101038081
7704040060089
8609070030085
5811180205085
8306070617082
6002175543081
8110245376081
4710275489086
9302151153088
9210160817082
7401018404080
3002205291084
4303180172086
9606046222084
8901216035080
0008075845084
4306060150080
1802135049086
4101205020086
6602010565080
8501125052083
5410295235085
9812040194085
7901020419083
4202195440084
7401245417087
0903115065083
9411235709086
7007141062081
9401285986080
7605175325082
6710085117081
8707200981084
6102110787080
9910040921083
7511145205083
5906060101089
8301310159086
5005285214080
3904145150082
8309091292083
9105030031080
7510091157082
3502085173088
5712115898087
9204021502082
7203061260082
8912045526082
6701290382081
9112266207087
8512271058089
5703135643082
9901060645082
2012275007089
3307135041081
5807130200085
8008220427087
4506110430081
9701045959081
9010041290081
9001030409089
7207080730082
2601135125089
9512190328083
4306080121087
8805280167085
6305015287086
0405150062082
7901115107080
8403240106086
5212205181080
5407230249080
9112150418089
7707225587081
3908125351263
6708205404082
9610265010089
7008115874089
6902080460083
9302260036083
6111030020084
8611185371081
5905290426084
9809191383186
7103056246080
8501020607080
6406130552089
8202195540087
4806105475087
9506305532084
8005200286087
7406020784080
3101035030082
4710140209081
2904045377083
6011155025084
8904046466087
6506040501082
0010085282084
5003015723082
9001075415082
8407310441083
5509300028086
8504070459089
5505225570087
9802266174085
5405275199087
7905300686089
4211015319089
7511285679089
9707170582085
9209241591088
7012280970086
2010060048086
9504140664089
8709260280084
6109140540082
4204015088085
6906166050080
8305080970085
5012210132080
9304206303080
9512210984089
7603030550085
3603310144082
6004250345085
9410265469082
9204066053082
7208035247081
6708140384084
6609265328080
9203290796086
7602126156088
8603135680083
5709235541084
9902150809083
7905125622087
6801040556081
8012300221089
4603165568087
8510105578082
0812010018081
5304265380080
7212200881088
2706060158086
2607185074184
9608065582083
4401300057086
8808060831086
6310255017086
1311300075082
7206095188088
8406220420088
5307085605081
2902180153087
9304080207084
7712305120084
4005010135080
6908155119082
9510285478086
5601270749088
6907240420083
9306035545088
8702015409082
5912180198088
9904061089086
7709070522080
6903270622086
8206061854084
4901180548088
9412061239081
9005106127087
6108155158087
7411036011080
3205150401083
5103265071081
9606271210085
6406030268083
7207035083082
8906175620087
6512055720088
0012015864080
9009165270085
8101315178085
8506250746086
5512220174089
9809220801083
2802060024087
7910110442087
4308100060089
7711295754084
9704135304085
7207071311082
7106215487081
2205145057181
9512270419083
8502195828089
8712115871081
6203220294080
9911271048083
7811105789088
8308160610084
5108225018080
9710090131082
7607295192087
3704170150084
6208290105082
9110286184088
6802140271084
9205070744087
5904025841089
8605310755085
5803260183084
8105075896083
4612095521082
1208125103083
6402056100094
7305220259085
2809180079081
3506210222082
9602100334089
7008220892083
8810115501086
6404120854086
0007101382088
2709305018081
1407100197082
8007245589087
7605090361089
8409175844088
5402030371085
9802055024087
5809040863085
7806061619089
4101011262088
7107200713085
9707145317088
7702265544084
7001021459087
9408161333089
8704150088085
6006056186084
9909210720085
8404020880080
8209156181082
4908290305085
9608015844088
3810255020082
9508076144081
4009280234086
9102021037085
7503285714081
3307110259187
5404115461088
3112155182082
5903150678084
8908310079088
6605295030084
9012146037086
8507250372089
7612315639083
5202260106080
8509116344088
5606240330083
9808126019089
78032874085
8002235672084
4405300140081
8001295573083
9710140637088
7210030101008
6604101253089
6106015032088
7107155674084
7201013206088
2402215093085
9509120488086
3601020364081
2912110037086
5707265494083
8802210906088
6209150669084
5604145782086
8311185370080
5203315121181
2005016432070
6505275244087
3805170083082
6409290364089
9402271161084
7106120057185
7409050524087
6807120372083
7507050810081
9302126281089
8608130263082
5809180043084
5812310840080
8109136181089
4708040601084
9104125179086
5108210228082
6707225530082
7311075198089
2911140168085
4108020158082
9512151016081
6608285722082
8812280597089
6410106445088
8010051201086
4006150140088
1604210030084
3707080173187
4004295115180
8301015140084
8412175796084
9712016051089
7811111381086
4111285103082
7306050409089
9111171072263
6708240031080
7005285576080
9309121166082
3910035003083
7502100116084
8706260866086
6012140904086
9511116241081
5811080146082
6701065695089
8212276052084
5003215173187
8709206554089
9004130839080
9104100319087
7508220778083
3409185011087
5701295750085
8602116292082
6701295674086
8911085673085
6612020231086
6204061100089
9103021063089
6112215223089
8512016216083
5701080683087
9510106805087
3208170163089
4102060313087
8007055394081
4503120542088
8205110667083
9710156346087
8808151395082
9311230032080
7205210739080
2507200002089
9512076100085
3811080064089
6002140398082
8805035536089
6303060284082
0003125605083
0107290028086
4001012292086
4402155551082
8402220924088
5210110510088
8408300143085
7706046152083
3904240320085
6611290436086
9111051317085
6706155046085
6812225572082
9207295453080
8610220996084
5903210399085
9905106420087
8702250177089
8201135388086
4803290574089
9408270727080
9107200236085
7004165882080
9008280910088
7404090843084
3009150083085
4606085382083
6802110639088
5002130129084
8211095141086
8903115057082
6504051171085
0009246405089
1901300017082
8003295662080
8208260085080
8503101266083
5503150204087
9805225518086
7809021068082
7904085768089
4208030406263
7504145792085
9707045365088
9005056820087
5407055765087
7011055504088
2005050137089
9403090446086
4810055144081
8709060633086
6706195127085
3812065080082
6707210743088
8304046862080
5010106300084
8107030285089
6003230228080
7601115872085
3512090092181
5907145715083
8901012332087
6706076021084
6506185553088
9112095205088
9201070433086
8602180077088
5707170531086
9901305049082
3405105088080
8011165378083
4512255204083
1807015021089
9003260176081
5001025540082
7210250931084
2701011317089
2203040251082
9601275665087
8410140903082
8807125600080
6308245242087
0004215626088
0805210058089
7606265130085
8405255363080
5305035242088
7610261547086
8506036347084
7711050366082
4002150342089
6812185421080
9510230512088
9210146180084
8211165408084
6906020630085
9307065853087
8607076887086
6401285261081
5910105520089
9903200553085
5804060909082
8203240358087
8205020565088
9502035976089
7604200316083
9011020351084
7409115815082
3201040455082
5002275427087
9604036072080
4303015005089
4811290456082
8905250076082
6510045637263
0011110116081
5307070263086
9101315238086
8704215133082
5910040386083
8506020069082
5510100115180
9806235634087
7909020595083
4305040249087
7703230886089
9705260731083
8610116083187
7104215693089
2110200212087
9602020169086
3409220023089
8711155711082
6201280407089
9911230383084
6804030637085
8307125331083
5105300172089
8101018906261
9409156034088
7606067691086
3612135015088
6112230687086
9610190712080
8004125536080
6712310596089
6907255558082
9204235878088
4507070539085
8605045145081
5801280845088
3505155009082
8005245207080
8103236090084
4609080204088
1505195014086
9101190331089
3612220284086
7303270736086
2804160049089
3210145181089
9608136235083
8809195287087
6402155452081
0005185184081
1008235072081
8202245700087
8408230838085
5312015445087
9712105237086
2706240157081
7804110157086
4010100156087
7011060897089
9708080802084
8211060740086
6911155814082
9312310140082
5512295655087
8703215449084
9909015787081
8903291262084
6608050540081
8208150064088
4906135403081
8104035036088
3103075117084
7502095092084
3302250123087
5304240846080
4909120395080
6505110034081
7412280198086
8908065893089
6603280918082
0101020322083
9002185725089
5311090061082
8202025136080
8508185759085
5604240959084
9806115957087
5001250003087
8001081107088
4402255415089
7905160959089
9705105260082
8505016264087
7110305456089
2307295007089
9411160053088
4312050021083
8801280678080
6207120537084
0001155981085
6807305666085
7504260244086
8310130720084
5201295076086
9702190943086
7611135248083
3801210258081
6401170731081
9003046401084
7201160366081
6805265720082
7311210587089
9212215133085
6601130111080
8607175733082
5807185340083
8108035809089
9102175356083
8802141485087
5912121357082
9005260832084
7309111127088
2906180207082
3910270254086
9606010779085
5202190722089
8812045029089
6408080638082
0007235614083
3612280243089
1407305003085
8409021033084
8411165533085
9803020354088
7303210713088
7809185331086
4107310149082
7210220420085
9612020649086
9209236494082
4908190657189
7004046467085
7003225241089
9312020444089
6101300232089
4703215050084
8706035446081
6010105003084
9907180095082
7602135495089
7604110585082
8211245386086
5001156000187
9602165485081
6506280636085
6706060142086
7506290658086
3404255161086
5603095804080
9401012159084
8201017483088
9311280354087
8910125604084
6609280706088
6102045376082
9106225330089
8310020066085
4402075051080
8511025658186
5611070477087
9805036138082
8005250789089
4412140265086
8107240611082
9504206433080
8811110981083
7712165031082
7204016248081
2502025148084
9501020737084
8804085526082
6301075948089
0002230190080
0705145017087
6811120543081
8401195746088
5208045282088
7604256002082
7704120536081
3901075274080
6603055286087
9410020265080
8804171124081
7203120049088
6810290310081
9307250489085
6003300050083
8609275298081
5901125385082
6012256407080
7303250868081
8112100201081
4801135357082
9306196032082
9205215623089
7402225543082
3006015507084
4411250480089
9602105186088
7207015007085
8902155252082
6502050089084
0009110747087
1803270215086
8911286134085
6106165501080
8502110488084
9807285451083
7902225138080
4205120102083
7409016075083
9010180275083
9204015524084
6205120014088
7009105664084
2001011907082
9411090953084
6503250165088
8708135337087
6104210112086
5304065109085
6904210818081
8704030390081
8303040987083
5008015086083
9001255393083
6904135684089
7512021080087
3506270041083
5809180897083
8805121393080
7307040011084
8912276190087
6704040059082
6405255227089
9101315202082
8601220892084
5705170500085
9812291225083
5109085638082
6907126070085
8009300899088
4509160559080
8312210802089
7704081167181
4611050541085
7810305820081
7209035419084
2606290142084
9504100700089
5202260439085
7311300480088
8806190240087
6306225234082
0004080757083
0301130026083
6903200755089
8404240214086
5302240060082
9112265640080
7709130327082
3912115138086
6804280461087
1610180062080
4307265254081
8501285321088
6904041322089
9311225920083
8402270523087
6609205445085
8612140553086
5908015905085
9907050454088
7507100222089
8203256171085
4808235077080
9501265942084
5012196350086
9010080692080
7407185159084
3107015339088
4901020843087
8507266143086
7310130073089
8904295833086
6507305090084
5112280565084
1908305031083
8110085928082
7908160571086
8505052389087
5507275841087
9805075525082
7907125628080
4301270065087
7607155523082
9708240820083
7310165401080
5004085440086
7102210878184
2103135152080
9503140032081
6401135696080
8710200072086
6112010328083
5812120141083
6409190670080
8306101092081
5103055161084
9612100586083
8102120498080
9107315101083
7604155451083
3607265198084
6102040638080
9404146420083
5310070794084
6710240365088
6803160623089
9111085755086
6201220312084
7009096034081
8604075093089
5712015747087
8801060370080
2607095045084
8102086024086
4606110090081
1409075130080
9311240572083
7302050680084
2712050016086
9512155991081
6111115789082
8808295536088
6312250926089
0903125035183
8705175196084
4303135302085
8407230738089
5309195186085
9803195155088
9209090378082
7802195368081
4007125428087
7003270607085
9309191326087
3801300070081
7012165498088
6909210222085
9309030072082
8702265837081
6002065741084
9909120533081
6701130766089
8207085489089
4904020631080
8710310862087
8607101126088
7511235531083
9012200642086
7412275255081
3210100392085
5205155328081
3010270202084
6911105255089
8310025491080
5304070186086
8907120665086
0012140372082
9006035589082
5909291075080
8507225842083
5602205865080
9806280705089
5108180560084
7912010539087
4311230119080
7808240578087
9711295899085
5807060132084
7102020997083
7108281308084
2212295049083
9412235095088
7307015045083
8801036045089
6205175032084
9912296243089
7407220714083
8309150412085
5111200303089
9709081028083
7609215923088
3709090377089
6305100527081
4706010413084
4912185604081
9210120375080
6302075904080
6804040821083
7206010537088
9212085700088
8109290451088
6507110532080
8606221039080
5805250429088
8106185653083
4702265574084
9012255984086
9112270457082
7103076118087
9005021266085
7307135274084
2902060061087
3710100848085
9604261132088
5602175747086
8811080078084
6406085780081
0006250192082
1405205019086
6301290759089
6612010535082
8410140801088
5404095410089
9809090116083
6906035288085
7807290764084
4104100193081
7203216024086
1103205066088
7002156227083
9311010749085
8408270174086
6502045067088
8705090802089
6008045429088
9909171255089
8610315922185
7503031153089
8210165676088
4911135292088
9601150608087
7005190669087
6705185317086
9102246211085
7505155243083
3312250337082
5503295560088
5007085312080
2603310018089
8909205573086
6607235206089
6001280461080
9112220030088
7507305110089
7408205636085
6107060733083
8510045565082
5608305697083
9807151227088
4105060261081
7110160650081
8004061019083
4409020240080
8010160583085
7510265969262
8504051073081
7511090078089
7202135973084
2408105160082
9506126001087
7810101027089
5005075179089
4312220387083
8803155130080
6211160629082
0002015706084
6104025404082
8312215676082
5206035434081
9802190486084
7702250497082
3809140214082
6506115995086
9211296209087
5211260756083
6809065728089
7707210509082
9406105667083
5811180206083
4802035212088
8110245377089
4710275490084
9302145534088
9702210978088
8409280196085
6401070548080
9007110282080
7401018405087
3002205292082
4303180183083
9606040394087
6304105016083
8901216036088
6412130801088
0008080864088
4306060173082
1803070047085
6608120141084
6512025425081
8501125053081
5410295236083
9712206152085
7901020421089
4202195441082
7401245438083
1203265062082
9211060114083
7007141063089
9401285428083
7004075090089
8707200982082
6102110788088
9910120926085
5906055456084
8301310161082
5005285216085
3504245132087
9002150169081
7510091158080
3502085174086
9212166298085
5602255833087
8912045527080
6701290389086
6305040619089
9112245831080
8502270941088
5609175423089
8512271059087
5703135646085
9901015617087
2012270002085
6512195148083
6901150364084
8008220429083
4506110431089
8302235011089
9705235939084
9010140220088
7207080731080
2601135129081
9512115187085
8805280168083
6305015288084
0003240802086
0405165017089
5307255607081
8403240109080
5212205182088
8210055028085
7512220624081
9112150419087
7707225589087
3908125353087
6708205406087
9110230002089
7206215790086
6902080462089
9302270234082
5511140003089
8611185372089
5905290429088
9904180062089
6310085377080
6808265533083
8202195542083
4806105476085
9506275935085
7406020788081
3101035034084
4710140210089
2401015454083
5903165081084
8904046467085
6506040502080
0010085270089
9001080464083
5509300011082
8504070460087
5505225571085
9803031521089
6208215590087
7905300688085
4211015320087
7511285687082
9701050575087
9205055923086
2008035040089
7012280972082
2010060049084
9504086080084
8709260281082
6109140548085
3707110014088
7201013039083
8305080971083
5012210133088
8912166202083
9611076026082
7603030551083
3603310145089
6004250360084
9010025595083
9204065901083
5109030182087
6708140387087
6609265334088
9204010460086
7610106658080
8603135681081
5709235545085
9902135678082
3009230027086
6011080705081
5406030715084
8012300222087
4603165569085
8510105589089
0811240022087
9303210508080
7212200882086
2706060159084
2607185114089
9608065603087
4212060049084
8808060832084
6310255030089
1311210006086
8402265343087
7305245680083
8406220421086
5307085607087
9202170024080
7712305121082
4005010136088
6908155153081
9610140501088
5604135289084
7506175814085
7701115085082
6907240421081
9306075233082
5506300123081
8702015410080
5912180200082
9905280585085
6903270534083
4901180550084
9412085426086
9011270199084
7411036012088
3205150402081
5103265120185
9606271231081
6309115143082
8906175621085
6512055721086
0012010935083
9009180618086
6109255777081
5501180831085
8506250747084
5512220176084
9806040728082
2802020005085
7910110443085
4308100063083
7711295772086
9708155264087
6904190695087
4210135095082
7106215488089
2205145058080
9512270422087
8502135894084
6003285057087
8712115872089
6203220295087
9911250742086
7307010730085
8308160611082
9707145350089
7607295193085
3704170151082
6208290114084
9310186069088
6911130694088
6802140272082
7012020545081
9205056440080
7901018522260
5903085834083
8605310756083
5803260184082
5908210742085
8105075898089
4612095522080
1208100057080
6308280744088
7305220262089
2809180081087
3506210231083
9602100254089
8810115502084
6404120855083
0007016155082
1407160073082
6405200163082
8006020316088
8409175846083
5402030372083
9801255107080
4903225196089
8306221264081
7806061621085
4101011263086
7107200721088
9705160369083
8212166434087
7001021460085
9408165726080
5109290216088
8704150091089
6006056190086
9906185875084
8902130310088
7801016758082
8209156182080
4908290307081
9607315221088
8904106434082
7503285715088
3307110264088
5404115464082
3703115242089
5710075880087
5303150563081
8908310080086
6605295031082
9012120820085
6012110422085
8311225340085
8208025103087
8509116345085
5606240332089
9804216065082
2810285019089
72121921088
4405300143085
9702100627084
8304045866082
7201013210080
2402215094083
9509015735088
4311110124085
4101105017083
8802210907086
6209150672088
7412285681086
8311185371088
5203315125083
6505265173080
9110091067080
7701035929088
3805170084080
6409290365086
8809281654083
8702230080080
7801180100087
6807120373081
7507050814083
9302130014088
8307260181087
7612230240082
8608130264080
5809180049081
5512115652082
4708040604088
9104120715082
7202020405085
7311075199087
2911140170081
4108020217086
9512125243084
8812280598087
6410106448082
9411171188089
1604210040083
8412175799088
5408200140184
9803105391088
3905245136087
7811111382084
4111285106085
7306050410087
8701106355261
6806040029088
7005285578086
9309100303086
2501135011083
7006195225081
8706260867084
6012140906081
8809226556088
6701051001086
8212276053082
5003215174185
8105151235081
9409191330087
5502025930082
7508220779081
5701295757080
9503231350087
8310070042085
9212241450081
7907275010089
8911085674083
6612020232084
9108256091085
8512016217081
5701080684085
8605171093261
3208165230083
5409220734089
8007055395088
4503120545081
8205110675086
9612241370082
6508100401088
7205210741086
2507200004085
9512076121081
8805035537087
6303060285089
0003085774085
0108040887086
9001181098087
6408195597082
8402220927081
5210110511086
8408295545088
7706046153081
3904240321083
6611290444080
9205141301081
7309130353087
7303145061082
6812225574088
9207295455085
7201210111081
8610220997082
5903210401089
9904256154083
6502050750081
8201135390082
4803290577082
9408265245080
9509030651088
5209180374086
9008280911086
7404090845089
3009150084083
4606085402089
7102035716080
6209240270083
8008185794083
2104100013083
8903115058080
6504051172083
0009246404082
1901180117085
6209295192083
6505060036086
8503101267081
5503150205084
9811155283089
3904160305082
7904085771083
4208030409085
7504145809087
9711130019089
9211046192088
8201260098088
7011055506083
2005050138087
9403105142084
8709060634084
6106285145081
2906280064086
7307075050080
7002095316088
8304046863088
5010106302080
4504275420088
9501215279082
3512090096083
5907145719085
9212291266080
9110271020081
6410260340083
6706076023080
9112020852087
7111250124086
9201105282086
8602180078086
5707170533082
9902085025086
3605060059089
4311110099089
4009125118080
8011165379081
4512255205080
8411025802084
1807060166086
6907120377080
8006240817089
7210250932082
2701011318087
2203040257089
9601245951088
8807125601088
6308245243085
0004190700080
0805215002082
8510235335080
7607020787086
8405255364088
5305035243086
9309191428081
8506035985082
7711050367080
4002150344085
6812185433085
9603051460089
9301310815082
8409190860085
6906020631083
9307101152080
9002136119085
5212085039085
8701055482082
5910105521087
9905035372086
8103150621088
8205020566086
4811095148082
9502030639088
9011020352082
7409115820082
3201040456080
5002275437086
9604105043087
5806275135080
7304205942088
8905250077080
6510045638089
0011115061084
5307070271089
9101295266081
7612020397084
5910035356083
8506020070080
5510100117087
9804305635084
7909020597089
4305040250085
7703230890081
9709200671086
6609105720082
4009020024086
7104215694087
2110200213085
9602016105086
4009160304082
8711155712080
6201280411081
9911305394081
8307125332081
5105300173087
9006256455260
9312315954081
7606067693082
3612135016086
6112230710086
9510045882080
7501220896187
6211080444083
6712310600089
6907255570087
9204235928081
5801280849080
3505150045081
7008265413084
6212025993085
8103236091082
4609080206083
1505040038082
6308050923086
5004265482080
7303270737084
2804160050087
3210145191088
9608130352082
2810120398086
8809195288085
6402155453089
0005265096080
1007110150087
8408230839083
5312015447083
9712195204087
5509170575083
7804110158084
4010100159081
7011060899085
9706045752089
7506110798088
6911155815089
9312300103082
6506020165080
8703215450082
6004050125083
9907135537089
8903291263082
5904250672084
8208150070085
4906135404089
3206225175082
5505215588081
7502095094080
3302250124085
5304240850082
4909055467086
7207255259081
5903151040086
8908065894087
6603280919080
0101020321085
5708245273084
9002165725083
8311030747086
8508185760083
5604240963086
9809281034087
2912170008084
5107165092089
8001081109084
4402255421087
7905160960087
9707025262081
7306130581089
6302035786080
7110305460081
2307295008087
9411235881083
2904110016004
8801280679088
6207120538082
0001036104089
5808040680085
5102255208083
8310130721082
5201295079080
9701140979083
7312285900082
7611135254263
3801210259089
6401170734085
8809281669081
6302021664085
6805265723086
9212225599085
7710110055081
8607175734080
5807185342089
9701026508089
8108035811085
4705165178088
9102195131086
8908240459087
5503025829084
7309111128086
2906180208080
3910270267088
9606010822083
8812045030087
6408080639080
0007180748084
3612280244087
1407265022182
8301315343081
8411165534083
5406135088080
9712085153089
5305035586088
7809185339089
4107310150080
7210220422081
9704060591086
8302066332265
6605225179084
7004046468083
9312020454088
9909111200088
8008085915085
7604100869082
8211245387084
5001156002084
9602165522081
9103185600080
7506290659084
3404255164080
5603095806085
8712311190088
9302125195082
6912175267087
8910125605081
6609280707086
9106250339088
7507025682086
8511025660083
5611070479083
9806246188081
4506115162085
5312200675084
8005250790087
4412140266084
8107240614086
9601171330182
9105200263083
7204016250087
2502025157085
9501021037088
5707075057088
8804085527080
6301075949186
0002230191088
0705130030087
7006085055085
6402210423085
5208045283086
7604255903082
9109015869084
7704120540083
3901075275087
6603055294081
9110175467081
9106101122089
6810290315080
8109185014082
9307250303088
8609275299089
5901125386080
6010065158084
8408120696080
8112100202089
4801135358080
9306200058081
9011211085087
7402225544080
3006015508082
4411250492084
9602100353089
6410205868081
7409175039086
8902155253080
6502050090082
0008315672082
4601315043019
1803250036080
4905055003087
6106160730080
8502110489082
9805085452087
4310100471084
7902225139088
4205120103081
7409016077089
9010140277088
5903230405185
6208315055080
7009105665081
2001011909088
9411115235087
8708135338085
6104210116087
6103080003086
7210030028086
6907130528086
8303040988081
5008015089186
9005095351086
7402021002085
9105255290080
7512021081085
3506270042081
5809180910084
9005096330089
2009100293082
8912276191085
6704040062086
6405255229085
9101300802086
8601220893082
5705170501083
9812201313086
5507270084089
7612110286080
6906300551084
8009300901082
4509160563082
7607071486083
8708231204082
8401305236087
7209035420082
2606290145087
9504100716085
5202020856081
4611080182082
8806190241085
6306225235089
0004115023089
0301130036082
6304085413086
8404240215083
5302240069182
9112265641088
7709130334088
3912115139084
6804280467084
1610270062081
8009020811082
6904041323269
9311210990083
7511070557086
7112170152082
8612140554084
5908015908089
9907210404080
1912295041185
8402281014084
8203256172083
4808235078088
9501196070088
7407185161080
3107015343080
4901020859083
8601116106086
4703085181183
8904295834084
4801160002082
5112280570084
1908135056086
8508026258081
8207035768087
8505052390085
5507275843083
9803246261083
7907125633080
4301270067083
7607155535086
9709065913086
6504280024089
7102210879083
2103135153088
9503126135080
4907245646080
8710200073084
6112010331087
7810250803082
8306101093089
5103055164088
9708255490087
1901016197087
7412010324085
7604155452081
3607265199082
6102040639088
8509191609082
6710240366086
6803160641081
9111045921083
7001310101085
8604075094087
5712015752087
8810045660085
6711125858080
8102086025083
4606110092087
1408140077086
9312151215084
7109090080088
7302050681082
2712050018181
2912050066087
9512195218081
5609035843088
8808295537086
6312250928085
0903120028084
7610040276080
8407230739087
5309195189089
9804255186088
7802195372083
4007125430083
7003270610089
9510051434081
4408285093085
7708260530085
6909210223083
9309030079087
6007115271081
8702265838089
6002065745085
9909155367082
5010060709080
8706016472080
4710270603087
8207085490087
4904020633086
9301101296088
8609146296082
8112175870083
9012200643084
7412275256089
3210100393083
5205155352081
3202065159088
6403125041087
6705095530083
8907120666084
0012145374083
9006035602083
5909285839087
5602205866088
9807010820081
7912010543089
4311230121086
7808240610088
9709121234089
6811190097083
8010045724086
4610080010087
7108281309082
2212295050081
9412256171081
5404265146083
8801036046087
6205175033082
9912201447080
6009140965083
7308295481089
8309150413083
5111200310084
9705045747081
8803296191082
7609215928087
3709090380083
6305100542080
3510225149082
4910215323086
6804040822081
7206010678080
9212140326085
8509191154089
6402025797087
8606221040088
5805250432082
8705040828085
8106185656086
4702265576089
9012265646089
8901021273082
7708225929083
7307135275081
2902060062085
3710100854083
9604261133086
8811080079082
6406085784083
0006280247088
3210210132082
1405105171086
5911275073081
7703120673084
8409070383083
8410140802086
5404095412085
9809010185085
6509095808089
7807290765081
4104100195086
7203216028087
1606275082082
9201030580083
7002156228081
9311045236082
9211300391087
8705090803087
6008045432082
9909235873083
8105105754088
8210165677086
4911135293086
9601160969081
9204090298083
7505155244081
3312250339088
5503295567083
6501011401081
2905060011085
8909205574084
6607235212087
9112220038081
7308130809080
7011125658088
6604130620084
5608305699089
9812086119087
7201185171086
5809090919084
8004061020081
4409020241088
8010160592086
9605236270085
8607300702085
7311130008083
7502156464081
7202135974082
2408105161080
9506125970084
5411295137081
8803155131088
6211160631088
0001280636083
5008045784087
8312215677080
5206035437084
9712230669088
5507095147087
7702250502089
3809140220089
6506115997082
9010151397080
2206170121082
6809065733089
7707210520089
9406105816086
7406090495088
8609070032081
6409090907087
4404285299087
8110245379085
4710275492080
9302156192081
9407270463084
7709050896082
4506160537082
7401018407083
3002205294088
4303180199089
9606040395084
4611105055081
8901216037086
6412130807085
0008155945085
1803070052085
5410295238089
9804050437082
7901020423085
4202195442080
7401245452084
2009105119084
7007275223087
7007141064087
9401255330087
6901275192089
8707200983080
6102110789086
9910045944080
5906051082082
8301310163088
5005285217083
9001290370088
8611220058081
7510091159088
3502085176081
5712120046086
9010236228086
7606226098082
7708300775088
8912045528088
6701290391082
6305040629088
9112265734081
7506130511081
8512271060085
5703135648081
9901100439082
2012260132082
8008220430081
4506110435080
8302235015080
9711010840083
9309181259082
9001030413081
7207080732088
2601135132085
9512121093087
4412090121081
8805280169081
6305015290080
0003245810084
0405165028086
8403240110088
5212205183086
9112150420085
7707225590085
3908125354085
6708205413083
9610140003085
6410260499087
6902080464085
9302240438086
5210075228080
8611185373087
5905290439087
9904126096084
8503060139081
8010155949085
8202195543081
4806105477083
9506305536085
8404120562083
3412060073081
7406020789089
3101035036089
4710140218082
7711180286085
7406040683080
8904046468083
6506040508087
0010085269081
5003015740086
9001075452085
6408080081085
8504070462083
5505225576084
9801251051084
5707160488081
7905300691089
4211015321085
7511285691084
9706020632082
9307305958084
6710160170088
7012280973080
2010060050082
9504140689086
8709260282080
6109140549083
5811185030082
4412125408081
8305080972081
5012210135083
8811096036084
9003295857085
7603030552081
3603310146087
6004250369085
9210200529085
9204055560089
7810135765084
6708140388085
6609265355083
9203270489082
6709105738082
8603135682089
5709235547081
9809305883089
3009225041084
7611280561082
3808065193081
8012300223085
4603165571081
8510105605083
0901020119086
9005121309082
8007185687081
9312080161086
7212200884082
2706060160082
2607185121084
9608065606080
6805250028087
8808060833082
1309285033084
8505215194085
6211300602080
8406220424080
5307085610081
7712305126081
4005010137086
6908155181082
9610145524085
6907240423087
9306071163085
5101080074082
8702015411088
5912180202088
9906120539084
7705195338089
6903270341083
8206061860081
4901180561180
9412075456085
7411036013185
3205150403089
5103265178084
9607010847088
7305300268089
7207035002082
8906175622083
6512055724080
0012015863082
9009121286084
5501125717084
8506250748082
5512220182082
9808095591084
2802010178082
7910110446088
4308100064081
7711295786086
9706075250087
7408220059081
5101215113086
7106215489087
2205145059088
9512276037087
6411070375087
8712115873087
6203220296085
9911205659088
7103295550086
8308160612080
9709035266086
5412200046086
7607295194083
3704170155083
9310106281086
7012160621080
6802140273080
9205040810083
2501190132089
8605310757081
5803260185089
6710020601082
8105075901081
4612095526081
1208100062080
6309025509083
7305220264085
2809180082085
3506210247089
9602130346087
5104050084081
8810115503082
6404120856081
0006221203083
2709305035085
1407100226089
7603050460082
6401015245081
7804280050087
8409175849087
5402030373081
9803175386083
5309145615084
7806061623081
4101011264084
9708010256088
8006190831080
7001021461083
9408085257083
6508245147083
8704150092087
6006056193080
9909050033086
5908220747082
8209156183088
4908290309087
9607296273082
7611055538083
9003130102085
7503285718082
3307110268089
5404115488081
8601295276080
5411055494086
4006030367083
8908310081084
6605295033088
5811120038083
9012101260087
7308155791080
8711245798081
8509116346083
5606240334085
9809211225086
68042870083
8002235674080
4405300144083
8001295596084
9702275754085
7605255994088
6803095269081
7201013211088
2402215095080
9509151235083
4403265065187
5411090682083
8802210908084
6209150673086
6107035599080
8311185373084
2012146449070
7701035930086
3805170085186
6409290381083
8307086088086
6301050084082
7210195530082
6807120374089
7507050816088
9302145730082
7607190057088
8608130266085
5809180053083
8402125214080
8109136183085
4708040607081
9104100502088
5606020923081
7311075202089
2911140171089
4108020243082
9512151035081
8812280599085
6410106449080
8803151579082
4006150311085
1604045014089
4008205017089
8412175800084
5408200141182
9802115411084
6607060054083
7811111383082
4111285107083
7306050423080
9301101340084
7005285579084
9309110561087
3911200054083
8706260868082
6012140907261
9906086445086
6701045874085
8212276055087
5003215176180
9409131513081
9406060750080
7105280440082
9104100322081
7508220783083
3409185013083
5701295768087
9609266677086
8911085675080
6612020233082
6204061101087
9108260042082
8210280071082
8512016220085
5701080685082
8209076610269
7901075623084
8007055397084
4503120546089
8205110679088
9706161449080
9212061134088
9309010012082
7205210742084
2507200005082
9512090944088
5205030019186
7506160014089
8805035538085
6303060287085
0003080697083
0107300035089
8402220929087
5210110513082
8102200655088
8408295452087
7706046154089
3904240322081
6611290448081
8604136051084
6812225575085
9207225667080
5506260152088
8610220998080
5903210411088
9905185903086
5801290880083
8201135391080
4803290580086
9408265292082
9303060736088
3905290233086
9008280912084
7404090848083
3009150087086
4606085427086
7102235558084
5509195065086
6004195104084
6906015549084
6504051174089
0009241469080
1902015079086
8409180044088
8503101269087
5503150206082
9801236030088
4205120373080
7904085773089
4208030411081
7504145811083
9711070053080
9602235957085
7011055511083
2005050139085
9403105157082
4601015042089
8709060635081
6106285147087
4912050008087
7108060817081
8304046864086
5010106304086
6602105862087
9011116255082
4507200496081
7601115879080
3512090097081
5907145724085
8503176168081
9201315389085
6001120250081
6706076024088
6506185633088
9112055649085
8603146296085
7908300256085
8602180080082
5707170536085
9901295065080
3605055376084
7707171113080
4311185494082
8011165381087
4512255206088
8411025821084
1807205129080
8002190538080
8506180945089
7210250933080
2701011319085
2203040258087
9601286019084
8203300681089
8807125602086
6308245244083
0004210605087
0804175008080
5811195006080
8405255365085
5305035245081
9801255241087
8506025822089
7711050368088
4002150348086
6812185436088
9510030561087
9302031250088
8205015369082
6906020632081
9307095375085
9008110165085
8701055483262
5910105522085
9905155262083
4310105541089
5806135875081
8205020568082
4811095149080
9502030644088
7309235437082
9011020353080
7409115823086
3201040457088
9604105044085
6301025021086
8905250078088
6510045639087
0011110115083
5307070275080
9101310944084
5910035261085
8506020072086
5510100119083
9806180617087
7909020599085
4305040251083
7703230895080
9704220797086
7206115345080
3002180068085
7104215697080
2110200214083
9601315897088
7811105179082
8711155713088
6201280413087
9912225380085
7505290058081
6409015814087
8307125333089
8809246468264
9203195512083
7606067694080
3612135017084
6112230716083
9010255896086
5407020738086
6712310601087
6907255592081
9204245551089
7307145204089
7304120383087
8605045147228
5801280852084
3505150008089
8208190544081
6004130594084
8103236092080
4609080207081
1505195070088
9605040634088
3012010259085
9003151203085
7303270739080
2804160051085
3210145198083
9608156272081
7210126051083
8809195289083
6402155454087
0005265183086
1009075007088
8408230841089
5312015453081
9712060163087
7804110159082
4010100160089
7011060905080
9709295817081
9201240701081
7812270420087
6911155816087
9312265396085
4302200012082
8703215451080
6004050128087
9906210642087
8012265790086
8208150071083
4906135405086
7501190420083
7101095596085
4301010967089
7502095106082
3302250125082
5304240856089
4909050599081
8908065895084
6603280920187
0101025336088
5708245309086
9004185067082
7210185171087
8508185761081
5604240964084
9806030884085
2912160002089
8001081111080
4402255422085
7905160961085
9708010171089
7109230564082
6403310047089
6802210604081
7110305461089
2307295009184
9411215070087
4608085050082
8801280680086
6207120542084
0001085948089
8111115346089
7411111066082
8310130722080
9710155227080
7611135255088
3801210260087
6401170751089
7610086044087
6810025857083
6805265724084
9212215148083
6611265203081
8607175735087
5807185344085
8108035812083
4705165179086
9102176076086
8608091204083
5707270992089
9005260834080
7309111131080
2906180209088
3910270272088
9606035911085
8403060204086
8812045031085
6408080643082
0008015773081
3612280245084
1407265038089
7010200119081
8605075049088
8411165535080
5406135089088
9712106033088
7003031397083
7809185340087
4107310151088
7210220432080
9612295643087
9406055148084
7610270183089
7004046471087
9312025880089
6707195454180
7110260263082
8706035448087
6010105007085
9907040179084
7604085681080
8211245388082
5001160007087
9602180542080
8609240268086
7512070170086
7506290660082
3404255165087
5603095828089
8411251310083
6508081217081
9308061021083
8910125606089
6609280708084
6102045486089
9106225340088
8305046106089
8106180691088
8511025661081
5611070480081
9808141246089
4902285509082
8005250791085
4412140272082
8107240618087
6410065474087
7507070353088
7603185040080
7204016251085
2502025158083
9501010107082
8804085528088
6301075950085
0002230186088
0705145032086
8508075210082
7604295009080
6702235650087
8401195748084
5208045285081
7704120541081
3901075276085
6603055295088
9412026243087
9011111333082
5711195366080
6810290321088
9307155932080
8609275300085
5901125389084
6412251732088
8112100203087
4801135359088
9306196036083
9105035885084
5604085166084
7402225545087
3006015509080
4411250496085
9602105214088
9202050591083
8902155254088
6502050094084
0009035563080
4601315057084
1803250047087
7001155760086
6106160542089
8502110490080
5501045020080
9810165366082
3101120125086
7902225140086
4205120104089
7409016101087
9010275202083
9501185392089
7009105666089
2001011910086
9411115239089
6008295206087
8708135340081
6104210121087
8008175010086
7812265502089
8303040989089
5008015090085
6912065763088
7109056063185
7512021082083
3506270045084
5809180912080
8310190980081
6607195696089
8912276192083
6704040072085
6405255239084
9102011103087
8601220894080
5705170502081
9812261182082
5507265134089
8009300902080
4509160564080
8312210858081
7309276024187
8412101324084
8304115763086
9001275987088
7209035421080
2606290146085
9504080493085
5112310612088
7002281299080
8806190242083
6306225236087
0004076070087
0301170011086
5505175404089
5410095120081
8404240217089
5302240072186
6004175580089
7709130337081
3912115140082
6804280474080
1610290062087
7609105407085
8502051009089
6904041325082
9311240526089
6908255388082
8612140555081
5908015910085
9908045422081
4403020074086
8203256173081
4808235079086
9501265958080
9010080695083
7407185162088
3107015346083
4901020863085
8002041280080
6112060124085
8904295835081
6507305100081
5112280584085
1909115111081
7506067003086
8501235274080
8505052391083
5507275844081
9804061236085
8008190896089
7907125634088
4301270068081
7607155536084
9711020751080
6707050204084
7102215001089
2103135154086
9503105992089
6112010336086
8306210493089
8306101094087
5103055165085
9709085543087
2003175187089
7209010477081
7604155453089
3607265200088
6102040640086
9412131262089
7706080157089
6710240371086
9111110925084
8604075095084
5712015755080
9105056100082
6109080143087
6210170086085
8102086026081
1409270041082
9403031207084
7302050682080
2712050021086
2912050075088
9512185417081
5209055735080
8808295538084
6312250929083
0903165023081
6812170478087
8407230741083
5309195192083
9804300230089
7802195373081
4007125431081
7003270638080
9110091244085
4703125222088
7507175988085
6909210225088
9309035683081
7202070165084
8702265839087
6002065746083
9904285742080
8604101323088
8201031132083
8207085492083
4904020634183
9210101624084
3508095057088
8607226187080
6211075852084
7412275257087
3210100395088
5205155375082
3205205202080
7908295143082
7806115391081
8907120667082
6601275018082
0012140371084
9006025613082
3311250103080
7012160016083
5909285733082
8507225845086
5602205868084
9806145651080
6911110610088
7912010550084
4311230122084
7808240619089
9703156030082
5208280769088
6203201006081
7108281311088
2212295051089
9412250074083
5212245064080
6112255636083
8801036047085
6205175034080
9911036194081
7510265482084
8309150414081
5111200320083
9706190919087
7609215930083
3709090382089
6305100545083
7103045736084
4909205243080
6804040823089
9212140332083
7711300685083
8606221043082
5805250434088
8703201390086
8106185657084
4702265577087
9012246042085
9102110832081
7307135276089
2902060063083
3710100855080
9604260120084
8204095851085
6705170555088
8811080080080
6406085786088
0007075180088
3210210149086
1412055063081
8212035181083
8410140803084
5404095413083
9804240403085
8106115671080
7807290766089
4104100197082
7203216038086
1212125146084
4504285062086
7002156229089
9405060814086
8611070568080
9211230056081
7010265050080
8705090804085
6008045434088
9909225888083
8209260896088
8210165679082
4911135294084
9601070112087
9501281083087
9102246213081
7505155245088
3312250340086
5503295575086
3010015238088
8909205575081
6607235214083
9112220119089
7507275279088
4210210380086
6401130196086
8510045568086
5608305701083
9808196113085
4105050271082
5811275468085
8004061021089
4409020242086
8010160593084
7608106328183
8012100023081
7202135977085
2408105162088
9506126054086
8509020003085
4004140027085
4505170207082
8803155132086
6211160632086
0001305491084
5310180544080
8312215679086
5206035438082
9802270809080
5507025030080
7702250503087
3809140221087
6506115999088
8912236387088
6809065737080
7707210540087
9406105895080
4610020036085
8609070033089
5811180208089
5504155286087
7312315598088
8110245380083
4710275497089
9302135492081
9309291175087
5712310639088
9007110285083
7401018409089
3002205296182
4303180200085
9606040397080
8901216038084
6412130809081
0008155953089
4306060205082
1803100406087
8609125013086
8501125058080
5410295239087
9803015466087
7612070760082
7901020427086
4202195445083
7401245455087
0512020031088
7007141065084
9401285461084
6708235049089
8707200984088
6102110790084
9910095769080
5906050997082
8301310164086
5005285222083
3909205172082
8403190018083
9105030034084
7510091160086
3502085177089
5712120048082
7012016409268
7002040678087
8912045531082
6701290392080
6305040633080
9112275442089
8512271061083
5703135652083
9812260435085
2012260039089
7607180362084
4506110436088
8302235020080
9707291016088
9312121297089
9001030415086
7207080733086
2601135135088
9512121044080
5202140215085
8805280170089
6305015291088
0405180036080
5709120917084
8403240111086
5212205184084
7512220468083
9112150421083
7707225593089
3908125355082
6708205416086
9610140004083
9301211289080
6510300393081
6902080466080
9303015442089
8611185374085
5905290440085
9903130451087
7006285547089
8202195546084
4806105478081
9506305537083
7606040618081
9009175560087
7406020791085
3101035037087
4710140227083
6610030485080
7010305026082
6907195011085
8904046469081
6506040510083
0010085276086
5003015754087
9001080480089
8610025643089
5509240149083
8504070463081
5505225577082
9802066276080
7905300693085
4211015323081
7511285697081
9702155533088
9307135142081
5001255013081
7012280976083
2010060051080
9504130523089
4210125046087
8709260283088
6109140550081
4101185147081
7104015916086
5803110080084
8305080973089
5012210136081
8801021287183
9506125182086
7603030553089
3603310147085
6004250373087
9410105464087
5403200773084
9204050873081
7811290417081
6708140391089
6609265359085
9203295074083
5108250163082
8603135683087
5709235551083
9902115806083
3009220062085
6004025276086
8012300224083
4603165572089
8510105644082
0901010738085
9306290745084
7505052212082
7212200885089
2706060161080
2607185150083
9608075001082
6304185085081
8808060834080
1312225002086
6307015384087
8406220427083
5307085611089
2901295154089
7712305127089
4005010138084
6908155193087
9111056175082
6002020546081
6907240426080
9306075273088
8702015412086
5912180204084
9905250572089
3402235051088
7202275435084
6903270120081
8206061862087
4901180567088
9412075468080
9605015214080
5311040190080
7411036014084
3205150404087
5103265179082
9607030642089
7012065201087
7207030457083
8906175623081
6512055725186
0012010934086
5412065019087
9009166357089
5501105060083
8506250749080
5512220185085
9812020679089
2801310112080
7910110447086
4308100068082
7711295787084
9704030391088
7506170418080
2910230020081
7106215491083
2205145060086
9512276047086
8502045172084
5912090072084
8712115874085
6203220299089
9912050642088
6411265680085
8308160613088
5108225029087
9710070180083
3507130098081
7607295196088
3704170156081
6208290277089
9510101572088
7210080286089
6802140277081
7012020636088
9205070599085
6407110335008
6807065880082
8605310758089
5803260186087
5204010480088
8105075902089
4612095528087
1208130012089
6403150876084
9004080529087
7305220265082
2809180083083
3506210256080
9602110473083
6504045686081
8810115504080
6404120857089
0006281240082
1407160087082
8402075807081
4012175110080
6212160213083
8409175850085
5402030374089
9807305140088
7806061625086
4101011266089
7107200724082
9708200243086
8302035906082
7001021465084
9401045987089
6006056194088
9908195180083
7505130386080
8209156185083
4908290311083
9608015857080
9204195440085
7503285719080
3307110269087
5404115490087
7406045338086
4711210519086
8908310082082
6605295035182
9012146078080
5711075377082
8708155699085
7412041027087
8509116347081
5606240335082
9808110985089
81051708084
8002235675087
4405300146088
8001295605083
9705270751089
6610080434087
2411035017083
7107155686088
7201013212086
2402215096088
9509015749089
7311100798085
6512165090083
8802210909082
6209150674084
7511070855084
8311185375089
5203315129085
2007150904230
6505245464088
7701035933080
3805170086085
6409290384087
8605016360081
8309085031083
6807120377082
7507050882080
9302145761087
8608130267083
5809180056086
7404095795081
8109136184083
4708040608089
9104125215088
8112280899084
9006175680089
7311075203087
2911140172087
4108020252083
9512090312088
7112090027083
8812280600081
6410106450088
9110210812085
4006150406083
1605140092086
5410195063082
7812205327084
8412175803088
5408200142081
9712265845082
3911230044088
7811111384080
4111285109089
7306050429087
8204161350269
7005285582088
9309085359087
4803095096080
8706260869080
6012140908087
9905036501261
5905185703084
6701045854087
8212276056085
5003215177188
9009101624080
9612240454085
9104100323089
7508220784081
3409185016086
5701295782088
8906141181081
8902196079080
8911085676088
6612020234080
6204061125086
9108255267082
7701080310085
8112055418086
8512016221083
5701080686080
5409215250083
7205275799086
8007055399080
4503120550081
8205110697080
9612161382083
9403040416080
7205210744080
2507200006080
9512090987087
6004260104084
6612180189082
8805035539083
6303060290089
0003100741085
0108025014086
7712090739080
8402220930085
5210110516085
8408295349085
7706046155086
3904240324087
6611290449089
9410091215089
8406211114088
5406175019086
6812225576083
9207295475083
7011085523082
8610220999088
5903210415089
9909135707084
4303210116087
8201135393086
4803290583080
9408290707088
9409305177085
7508015770089
7404090852085
3009150088084
4606085433084
5105120554086
4312230051083
3810105032089
6504051176084
0009241468082
4804065026081
1901180131086
8703150274083
8408040185081
8503101270085
5503150207080
9803116058080
8108310687085
7904085776082
4208030416080
7504145813089
9701025490081
9507055094085
7011055514087
2005050140083
9403095290083
5605100006080
8709060636089
6106285148085
8502285117088
8304046865083
5010106306081
8809130301084
9502145104085
6909135560080
7601115882084
3512090101081
5907145739083
8904051389083
6802170623089
6706076028089
6506185640083
9112090937081
8012185048086
7610150375086
8602180081080
5707170537083
9901300052081
3605055092087
8203190279085
3607285214085
8011165384081
4512255209082
1807205138081
8512040698082
7809270817080
9002205765081
7210250935085
2701011320083
2203040266080
9601275673081
8209240278084
7601050041084
8807125603084
6308245245080
0004205716089
